130
571
158
78
109
132
98
157
93
123
75
231
73
155
80
76
171
77
73
78
159
109
139
136
76
100
77
170
136
86
76
142
80
84
114
95
107
90
136
92
125
84
124
138
146
81
81
83
81
172
92
87
83
114
116
122
89
81
150
85
80
155
85
93
142
82
81
128
91
98
148
191
86
84
127
107
80
89
158
82
113
107
104
93
108
84
89
99
149
106
135
106
138
122
119
82
145
76
152
108
91
119
84
116
77
146
149
79
117
142
84
79
139
246
134
125
163
82
145
80
153
79
144
106
110
173
145
76
123
159
76
114
123
148
94
147
121
193
82
184
85
82
121
80
149
85
162
131
104
82
170
137
87
92
153
269
106
85
82
124
193
90
140
94
136
195
88
87
109
105
89
96
134
141
118
102
124
94
143
73
157
136
77
183
125
147
85
157
72
108
107
186
76
267
81
213
109
81
111
156
183
80
88
116
103
134
145
132
124
121
81
136
125
134
99
172
87
126
88
144
93
114
139
82
174
145
80
174
80
134
159
125
77
159
80
144
203
121
74
75
78
150
163
187
107
76
75
148
105
188
134
78
113
131
80
131
260
247
76
81
101
88
81
125
97
159
134
86
133
76
134
133
75
84
99
193
77
160
126
140
103
89
73
110
71
194
187
87
92
83
117
82
163
138
304
82
173
83
136
82
77
168
93
143
139
128
88
153
72
107
177
85
131
200
80
76
117
98
107
92
128
89
125
121
109
113
7
121
193
186
81
405
97
84
92
193
85
165
268
100
87
118
228
144
167
81
312
85
79
85
135
89
137
124
122
153
108
169
87
131
130
219
74
86
208
83
142
93
116
114
169
159
78
84
147
77
117
119
99
94
210
83
150
125
216
81
151
70
142
127
92
68
98
151
133
101
100
75
193
82
84
148
80
178
81
134
154
185
165
164
141
135
83
165
86
369
79
174
129
184
86
195
191
92
81
79
151
111
79
181
90
117
191
86
169
131
87
200
327
83
85
75
156
84
108
111
118
119
155
126
148
76
146
180
156
126
82
76
81
127
133
175
77
127
98
213
76
86
246
102
111
78
102
128
158
76
136
250
149
81
83
95
119
171
135
172
123
79
125
100
114
79
123
227
218
140
78
97
129
78
185
81
119
109
187
216
203
268
75
114
159
74
104
83
126
97
153
138
90
108
169
167
495
80
81
99
94
76
206
76
76
144
76
98
172
141
102
129
80
123
126
78
130
79
160
81
116
95
236
105
71
116
127
77
77
134
132
156
87
116
145
172
92
73
136
138
145
75
152
114
136
72
180
80
197
221
74
72
105
142
75
96
111
127
129
177
81
119
78
305
90
189
162
80
81
120
79
151
87
114
183
86
90
144
79
79
79
80
161
80
82
191
107
81
78
75
80
83
79
161
127
77
140
78
77
127
85
76
85
73
113
115
74
96
88
129
113
77
73
75
134
145
73
75
144
75
221
81
111
113
74
76
146
77
120
94
102
96
132
103
108
87
179
121
80
80
80
90
103
132
79
135
82
106
101
84
126
80
101
94
89
100
101
136
84
171
91
85
84
77
112
77
230
233
75
79
80
77
125
130
73
74
151
76
74
83
134
126
74
164
158
81
76
130
81
95
99
155
81
76
124
109
72
164
77
82
102
75
257
68
71
69
99
71
106
108
73
67
109
85
164
77
99
110
141
78
84
89
118
72
136
69
98
86
75
161
112
119
80
70
157
114
71
113
72
82
104
111
95
112
88
118
86
131
152
87
71
77
71
105
108
71
92
251
72
71
93
77
123
142
82
72
95
75
73
138
73
164
99
90
127
112
113
77
129
125
66
61
69
66
94
108
127
174
69
70
71
68
139
110
70
65
83
81
120
69
105
71
122
66
72
58
157
75
116
69
135
78
71
100
104
118
81
127
72
71
110
73
117
76
84
131
80
86
112
125
73
71
127
78
112
75
73
113
71
103
64
110
98
75
84
124
211
66
69
73
70
115
91
89
95
58
66
125
67
111
136
77
90
72
120
106
87
96
83
90
158
89
130
88
89
109
85
86
87
297
86
86
87
88
121
151
84
126
106
91
88
191
91
86
105
129
86
84
85
134
89
86
303
89
142
87
83
83
114
79
78
183
87
83
97
132
88
135
98
133
106
147
81
103
95
146
79
83
146
81
81
153
120
82
81
122
82
92
134
84
138
83
94
115
87
115
81
102
126
104
125
90
80
181
119
80
82
81
129
80
83
150
81
148
82
186
83
81
83
81
176
90
118
92
